0	94.4444	0.0260491
1	94.1919	0.010588
2	94.9495	0.0132486
3	95.9596	0.0157596
4	96.9697	0.0180158
5	96.9697	0.0199372
6	96.7172	0.0214685
7	96.7172	0.0225766
8	96.2121	0.0232494
9	95.9596	0.0234925
10	95.9596	0.0233271
11	95.9596	0.0227868
12	95.4545	0.0219146
13	95.202	0.0207603
14	95.7071	0.019378
15	95.4545	0.0178233
16	94.697	0.0161514
17	94.4444	0.0144154
18	94.1919	0.0126644
19	94.1919	0.0109425
20	93.9394	0.00928812
21	92.9293	0.00773333
22	92.4242	0.00630347
23	91.9192	0.00501729
24	90.6566	0.00388712
25	89.6465	0.00291926
26	87.6263	0.00211453
27	85.101	0.00146896
28	81.0606	0.000974475
29	75	0.000619679
30	65.1515	0.00039064
31	57.3232	0.000271638
32	53.2828	0.000245889
33	64.899	0.000296204
34	69.4444	0.000405574
35	71.9697	0.000557681
36	74.2424	0.000737307
37	78.2828	0.000930671
38	79.5455	0.00112567
39	81.5657	0.00131199
40	83.0808	0.00148127
41	84.0909	0.00162702
42	84.3434	0.00174459
43	84.3434	0.00183109
44	84.3434	0.00188521
45	84.3434	0.00190706
46	83.5859	0.00189794
47	83.0808	0.00186013
48	82.8283	0.00179672
49	82.8283	0.00171136
50	82.3232	0.00160801
51	80.8081	0.00149087
52	79.2929	0.00136411
53	78.2828	0.00123175
54	77.5253	0.0010976
55	76.0101	0.000965074
56	73.4848	0.000837184
57	71.4646	0.000716468
58	69.1919	0.000604963
59	65.404	0.000504206
60	62.3737	0.000415247
61	58.8384	0.000338667
62	54.0404	0.000274629
63	51.5152	0.000222913
64	47.7273	0.000182979
65	40.9091	0.000154019
66	35.3535	0.000135012
67	35.101	0.000124793
68	36.3636	0.0001221
69	38.1313	0.000125627
70	41.4141	0.00013407
71	43.6869	0.000146164
72	43.9394	0.000160721
73	44.697	0.000176658
74	48.4848	0.000193008
75	55.5556	0.000208941
76	57.3232	0.00022377
77	57.8283	0.000236955
78	57.8283	0.000248091
79	59.0909	0.000256915
80	59.8485	0.000263283
81	60.3535	0.00026716
82	60.6061	0.000268612
83	59.8485	0.000267784
84	59.0909	0.000264883
85	58.8384	0.000260168
86	59.0909	0.000253925
87	59.0909	0.000246463
88	58.3333	0.000238093
89	55.5556	0.000229118
90	53.2828	0.000219831
91	48.4848	0.000210499
92	46.7172	0.000201353
93	46.9697	0.0001926
94	46.4646	0.000184405
95	46.4646	0.000176899
96	47.9798	0.000170171
97	46.4646	0.000164282
98	46.4646	0.000159256
99	47.4747	0.000155089
100	47.4747	0.000151753
101	46.2121	0.000149198
102	45.4545	0.000147357
103	44.1919	0.000146151
104	43.6869	0.000145492
105	43.1818	0.000145288
106	42.4242	0.000145448
107	40.6566	0.000145879
108	39.899	0.000146499
109	39.1414	0.000147226
110	38.3838	0.000147991
111	37.8788	0.000148733
112	37.1212	0.000149402
113	36.3636	0.000149959
114	36.3636	0.000150373
115	35.8586	0.000150627
116	35.8586	0.00015071
117	35.8586	0.000150621
118	35.8586	0.000150364
119	35.6061	0.000149952
120	35.6061	0.0001494
121	35.8586	0.00014873
122	35.8586	0.000147963
123	35.8586	0.000147122
124	35.8586	0.000146233
125	36.3636	0.000145319
126	36.8687	0.000144402
127	37.8788	0.000143502
128	37.8788	0.000142638
129	38.1313	0.000141826
130	38.6364	0.000141078
131	39.3939	0.000140403
132	39.6465	0.00013981
133	40.1515	0.000139301
134	40.404	0.000138877
135	40.6566	0.000138539
136	41.1616	0.000138283
137	41.1616	0.000138104
138	41.1616	0.000137996
139	41.6667	0.000137952
140	41.6667	0.000137964
141	41.9192	0.000138023
142	41.9192	0.000138121
143	42.1717	0.00013825
144	41.6667	0.000138401
145	42.4242	0.000138568
146	42.6768	0.000138742
147	42.9293	0.00013892
148	42.9293	0.000139093
149	42.9293	0.00013926
150	42.9293	0.000139416
151	42.9293	0.000139558
152	42.9293	0.000139685
153	42.9293	0.000139795
154	42.9293	0.000139887
155	43.1818	0.000139963
156	43.1818	0.000140023
157	43.1818	0.000140067
158	43.1818	0.000140097
159	43.1818	0.000140114
160	42.9293	0.000140119
161	42.9293	0.000140115
162	42.9293	0.000140103
163	42.9293	0.000140084
164	42.9293	0.000140062
165	42.9293	0.000140034
166	42.6768	0.000140004
167	42.6768	0.000139973
168	42.6768	0.000139941
169	42.4242	0.00013991
170	42.4242	0.000139878
171	42.4242	0.000139848
172	42.1717	0.000139818
173	42.1717	0.000139789
174	42.1717	0.000139761
175	42.4242	0.000139735
176	42.1717	0.000139709
177	41.9192	0.000139683
178	42.1717	0.000139658
179	42.4242	0.000139633
180	42.4242	0.000139608
181	42.1717	0.000139583
182	42.1717	0.000139557
183	41.9192	0.000139531
184	41.9192	0.000139504
185	41.9192	0.000139476
186	41.9192	0.000139448
187	41.9192	0.000139419
188	41.9192	0.00013939
189	41.9192	0.00013936
190	41.9192	0.000139331
191	41.9192	0.000139301
192	41.9192	0.000139272
193	41.9192	0.000139243
194	41.9192	0.000139215
195	41.9192	0.000139187
196	41.9192	0.000139161
197	41.9192	0.000139136
198	41.9192	0.000139112
199	41.9192	0.000139089
200	41.9192	0.000139068
201	41.9192	0.000139049
202	41.9192	0.000139032
203	41.9192	0.000139016
204	41.9192	0.000139002
205	41.9192	0.00013899
206	41.9192	0.00013898
207	41.9192	0.000138971
208	42.1717	0.000138964
209	41.9192	0.000138958
210	42.1717	0.000138954
211	42.1717	0.000138951
212	42.1717	0.000138949
213	42.1717	0.000138947
214	41.9192	0.000138947
215	41.9192	0.000138948
216	41.9192	0.000138949
217	41.9192	0.00013895
218	42.1717	0.000138951
219	42.4242	0.000138953
220	42.4242	0.000138955
221	42.4242	0.000138958
222	42.4242	0.00013896
223	42.4242	0.000138961
224	42.4242	0.000138963
225	42.4242	0.000138965
226	42.4242	0.000138966
227	42.4242	0.000138967
228	42.4242	0.000138967
229	42.4242	0.000138967
230	42.4242	0.000138966
231	42.4242	0.000138966
232	42.4242	0.000138964
233	42.4242	0.000138962
234	42.4242	0.000138961
235	42.4242	0.000138958
236	42.1717	0.000138955
237	42.1717	0.000138951
238	42.1717	0.000138947
239	42.1717	0.000138943
240	42.1717	0.000138938
241	42.1717	0.000138933
242	42.1717	0.000138927
243	42.1717	0.000138922
244	41.9192	0.000138916
245	41.9192	0.00013891
246	41.9192	0.000138903
247	41.9192	0.000138896
248	41.9192	0.00013889
249	41.9192	0.000138882
250	41.9192	0.000138875
251	41.9192	0.000138867
252	41.9192	0.00013886
253	41.9192	0.000138852
254	41.9192	0.000138845
255	41.9192	0.000138837
256	41.9192	0.000138829
257	41.9192	0.000138821
258	42.1717	0.000138813
259	42.1717	0.000138805
260	42.1717	0.000138798
261	42.1717	0.00013879
262	42.1717	0.000138782
263	42.1717	0.000138775
264	42.1717	0.000138767
265	42.1717	0.000138759
266	42.1717	0.000138752
267	41.9192	0.000138745
268	41.9192	0.000138737
269	41.9192	0.00013873
270	41.9192	0.000138723
271	41.9192	0.000138717
272	41.9192	0.000138709
273	41.9192	0.000138703
274	41.9192	0.000138696
275	41.9192	0.00013869
276	41.9192	0.000138684
277	41.9192	0.000138677
278	41.9192	0.000138671
279	41.9192	0.000138665
280	41.9192	0.000138659
281	41.9192	0.000138653
282	41.9192	0.000138648
283	42.1717	0.000138643
284	42.1717	0.000138637
285	42.1717	0.000138632
286	42.1717	0.000138626
287	42.1717	0.000138622
288	42.1717	0.000138616
289	42.1717	0.000138611
290	42.1717	0.000138606
291	42.1717	0.000138601
292	42.1717	0.000138595
293	42.1717	0.00013859
294	42.1717	0.000138585
295	42.1717	0.00013858
296	42.1717	0.000138574
297	42.1717	0.000138569
298	42.1717	0.000138564
299	42.1717	0.000138558
300	42.1717	0.000138553
301	42.1717	0.000138548
302	42.1717	0.000138542
303	42.1717	0.000138537
304	42.1717	0.000138531
305	42.1717	0.000138526
306	42.1717	0.00013852
307	42.1717	0.000138515
308	42.1717	0.00013851
309	42.1717	0.000138504
310	41.9192	0.000138498
311	41.9192	0.000138493
312	41.9192	0.000138487
313	41.9192	0.000138481
314	41.9192	0.000138475
315	41.9192	0.000138469
316	41.9192	0.000138463
317	41.9192	0.000138458
318	41.9192	0.000138452
319	41.9192	0.000138446
320	41.9192	0.00013844
321	41.9192	0.000138434
322	41.9192	0.000138428
323	41.9192	0.000138422
324	41.9192	0.000138416
325	41.9192	0.000138411
326	41.9192	0.000138405
327	41.9192	0.000138399
328	41.9192	0.000138393
329	41.9192	0.000138387
330	41.9192	0.000138381
331	41.9192	0.000138375
332	41.9192	0.000138369
333	41.9192	0.000138364
334	41.9192	0.000138358
335	41.9192	0.000138352
336	41.9192	0.000138346
337	41.9192	0.00013834
338	41.9192	0.000138335
339	41.9192	0.000138329
340	41.9192	0.000138323
341	41.9192	0.000138317
342	41.9192	0.000138311
343	41.9192	0.000138306
344	41.9192	0.0001383
345	41.9192	0.000138294
346	41.9192	0.000138288
347	41.9192	0.000138282
348	41.9192	0.000138276
349	41.9192	0.00013827
350	41.9192	0.000138265
351	41.9192	0.000138258
352	41.9192	0.000138253
353	41.9192	0.000138246
354	41.9192	0.000138241
355	41.9192	0.000138235
356	41.9192	0.000138229
357	41.9192	0.000138223
358	41.9192	0.000138218
359	41.9192	0.000138212
360	41.9192	0.000138206
361	41.9192	0.0001382
362	41.9192	0.000138194
363	41.9192	0.000138189
364	41.9192	0.000138183
365	41.9192	0.000138177
366	41.9192	0.000138171
367	41.9192	0.000138166
368	41.9192	0.00013816
369	41.9192	0.000138154
370	41.9192	0.000138149
371	41.9192	0.000138143
372	41.9192	0.000138137
373	41.9192	0.000138131
374	41.9192	0.000138126
375	41.9192	0.00013812
376	41.9192	0.000138114
377	41.9192	0.000138109
378	41.9192	0.000138103
379	41.9192	0.000138097
380	41.9192	0.000138092
381	41.9192	0.000138086
382	41.9192	0.00013808
383	41.9192	0.000138075
384	41.9192	0.000138069
385	41.9192	0.000138063
386	41.9192	0.000138057
387	41.9192	0.000138052
388	41.9192	0.000138046
389	41.9192	0.000138041
390	41.9192	0.000138035
391	41.9192	0.00013803
392	41.9192	0.000138024
393	41.9192	0.000138018
394	41.9192	0.000138012
395	41.9192	0.000138007
396	41.9192	0.000138001
397	41.9192	0.000137996
398	41.9192	0.00013799
399	41.9192	0.000137984
400	41.9192	0.000137978
401	41.9192	0.000137973
402	41.9192	0.000137967
403	41.9192	0.000137961
404	41.9192	0.000137955
405	41.9192	0.00013795
406	41.9192	0.000137944
407	41.9192	0.000137939
408	41.9192	0.000137933
409	41.9192	0.000137927
410	41.9192	0.000137921
411	41.9192	0.000137916
412	41.9192	0.00013791
413	41.9192	0.000137904
414	41.9192	0.000137898
415	41.9192	0.000137893
416	41.9192	0.000137887
417	41.9192	0.000137881
418	41.9192	0.000137876
419	41.9192	0.00013787
420	41.9192	0.000137864
421	41.9192	0.000137859
422	41.9192	0.000137853
423	41.9192	0.000137847
424	41.9192	0.000137842
425	41.9192	0.000137836
426	41.9192	0.00013783
427	41.9192	0.000137825
428	41.9192	0.000137819
429	41.9192	0.000137813
430	41.9192	0.000137808
431	41.9192	0.000137802
432	41.9192	0.000137796
433	41.9192	0.00013779
434	41.9192	0.000137785
435	41.9192	0.000137779
436	41.9192	0.000137773
437	41.9192	0.000137768
438	41.9192	0.000137762
439	41.9192	0.000137756
440	41.9192	0.00013775
441	41.9192	0.000137744
442	41.9192	0.000137739
443	41.9192	0.000137733
444	41.9192	0.000137727
445	41.9192	0.000137721
446	41.9192	0.000137716
447	41.9192	0.00013771
448	41.9192	0.000137704
449	41.9192	0.000137698
450	41.9192	0.000137692
451	41.9192	0.000137687
452	41.9192	0.000137681
453	41.9192	0.000137675
454	41.9192	0.00013767
455	41.9192	0.000137664
456	41.9192	0.000137658
457	41.9192	0.000137653
458	41.9192	0.000137647
459	41.9192	0.000137642
460	41.9192	0.000137636
461	41.9192	0.00013763
462	41.9192	0.000137624
463	41.9192	0.000137619
464	41.9192	0.000137613
465	41.9192	0.000137608
466	41.9192	0.000137602
467	41.9192	0.000137596
468	41.9192	0.000137591
469	41.9192	0.000137586
470	41.9192	0.00013758
471	41.9192	0.000137575
472	41.9192	0.000137569
473	41.9192	0.000137563
474	41.9192	0.000137558
475	41.9192	0.000137552
476	41.9192	0.000137546
477	41.9192	0.00013754
478	41.9192	0.000137535
479	41.9192	0.00013753
480	41.9192	0.000137524
481	41.9192	0.000137518
482	41.6667	0.000137512
483	41.6667	0.000137507
484	41.6667	0.000137501
485	41.6667	0.000137496
486	41.6667	0.00013749
487	41.6667	0.000137484
488	41.6667	0.000137479
489	41.6667	0.000137473
490	41.6667	0.000137467
491	41.6667	0.000137461
492	41.6667	0.000137456
493	41.6667	0.00013745
494	41.6667	0.000137445
495	41.6667	0.000137439
496	41.6667	0.000137433
497	41.6667	0.000137427
498	41.6667	0.000137422
499	41.6667	0.000137416
500	41.6667	0.000137411
501	41.6667	0.000137405
502	41.6667	0.000137399
503	41.6667	0.000137393
504	41.6667	0.000137388
505	41.6667	0.000137382
506	41.6667	0.000137376
507	41.6667	0.00013737
508	41.6667	0.000137365
509	41.6667	0.000137359
510	41.6667	0.000137353
511	41.6667	0.000137348
512	41.6667	0.000137342
513	41.6667	0.000137336
514	41.6667	0.00013733
515	41.6667	0.000137324
516	41.6667	0.000137318
517	41.6667	0.000137313
518	41.6667	0.000137308
519	41.6667	0.000137302
520	41.6667	0.000137296
521	41.6667	0.00013729
522	41.6667	0.000137285
523	41.6667	0.000137279
524	41.6667	0.000137273
525	41.6667	0.000137268
526	41.6667	0.000137262
527	41.6667	0.000137256
528	41.6667	0.000137251
529	41.6667	0.000137245
530	41.6667	0.00013724
531	41.6667	0.000137234
532	41.6667	0.000137228
533	41.6667	0.000137223
534	41.6667	0.000137217
535	41.6667	0.000137212
536	41.6667	0.000137206
537	41.6667	0.000137201
538	41.6667	0.000137195
539	41.6667	0.000137189
540	41.6667	0.000137184
541	41.6667	0.000137178
542	41.6667	0.000137173
543	41.6667	0.000137167
544	41.6667	0.000137162
545	41.6667	0.000137156
546	41.6667	0.00013715
547	41.6667	0.000137145
548	41.6667	0.000137139
549	41.6667	0.000137134
550	41.6667	0.000137128
551	41.6667	0.000137122
552	41.6667	0.000137117
553	41.6667	0.000137111
554	41.6667	0.000137105
555	41.6667	0.000137099
556	41.6667	0.000137094
557	41.6667	0.000137088
558	41.6667	0.000137082
559	41.6667	0.000137077
560	41.6667	0.000137071
561	41.6667	0.000137066
562	41.6667	0.00013706
563	41.6667	0.000137054
564	41.6667	0.000137049
565	41.6667	0.000137043
566	41.6667	0.000137037
567	41.6667	0.000137032
568	41.6667	0.000137026
569	41.6667	0.00013702
570	41.6667	0.000137014
571	41.6667	0.000137009
572	41.6667	0.000137003
573	41.6667	0.000136998
574	41.6667	0.000136992
575	41.6667	0.000136986
576	41.6667	0.000136981
577	41.6667	0.000136976
578	41.6667	0.00013697
579	41.6667	0.000136965
580	41.6667	0.000136959
581	41.6667	0.000136953
582	41.6667	0.000136948
583	41.6667	0.000136942
584	41.6667	0.000136937
585	41.6667	0.000136931
586	41.6667	0.000136926
587	41.6667	0.00013692
588	41.6667	0.000136915
589	41.6667	0.000136909
590	41.6667	0.000136904
591	41.6667	0.000136898
592	41.6667	0.000136893
593	41.6667	0.000136887
594	41.6667	0.000136882
595	41.6667	0.000136876
596	41.6667	0.000136871
597	41.6667	0.000136865
598	41.6667	0.000136859
599	41.6667	0.000136854
600	41.6667	0.000136848
601	41.6667	0.000136843
602	41.6667	0.000136837
603	41.6667	0.000136832
604	41.6667	0.000136826
605	41.6667	0.00013682
606	41.6667	0.000136815
607	41.6667	0.000136809
608	41.6667	0.000136803
609	41.6667	0.000136798
610	41.6667	0.000136792
611	41.6667	0.000136786
612	41.6667	0.000136781
613	41.6667	0.000136775
614	41.6667	0.000136769
615	41.6667	0.000136764
616	41.6667	0.000136758
617	41.6667	0.000136753
618	41.6667	0.000136747
619	41.6667	0.000136741
620	41.6667	0.000136736
621	41.6667	0.00013673
622	41.6667	0.000136725
623	41.6667	0.000136719
624	41.6667	0.000136713
625	41.6667	0.000136708
626	41.6667	0.000136702
627	41.6667	0.000136696
628	41.6667	0.000136691
629	41.6667	0.000136685
630	41.6667	0.000136679
631	41.4141	0.000136674
632	41.4141	0.000136668
633	41.4141	0.000136663
634	41.4141	0.000136657
635	41.4141	0.000136651
636	41.4141	0.000136646
637	41.4141	0.00013664
638	41.4141	0.000136635
639	41.4141	0.000136629
640	41.4141	0.000136624
641	41.4141	0.000136619
642	41.4141	0.000136613
643	41.4141	0.000136607
644	41.4141	0.000136602
645	41.4141	0.000136597
646	41.4141	0.000136591
647	41.4141	0.000136585
648	41.4141	0.00013658
649	41.4141	0.000136574
650	41.4141	0.000136568
651	41.4141	0.000136563
652	41.4141	0.000136557
653	41.4141	0.000136552
654	41.4141	0.000136546
655	41.4141	0.000136541
656	41.4141	0.000136535
657	41.4141	0.00013653
658	41.4141	0.000136524
659	41.4141	0.000136519
660	41.4141	0.000136514
661	41.4141	0.000136508
662	41.4141	0.000136502
663	41.4141	0.000136497
664	41.4141	0.000136491
665	41.4141	0.000136486
666	41.4141	0.00013648
667	41.4141	0.000136474
668	41.4141	0.000136469
669	41.4141	0.000136463
670	41.4141	0.000136458
671	41.4141	0.000136453
672	41.4141	0.000136447
673	41.4141	0.000136441
674	41.4141	0.000136436
675	41.4141	0.00013643
676	41.4141	0.000136425
677	41.4141	0.000136419
678	41.4141	0.000136413
679	41.4141	0.000136408
680	41.4141	0.000136403
681	41.4141	0.000136396
682	41.4141	0.000136391
683	41.4141	0.000136386
684	41.4141	0.00013638
685	41.4141	0.000136375
686	41.4141	0.000136369
687	41.4141	0.000136364
688	41.4141	0.000136358
689	41.4141	0.000136353
690	41.4141	0.000136347
691	41.4141	0.000136342
692	41.4141	0.000136336
693	41.4141	0.000136331
694	41.4141	0.000136325
695	41.4141	0.00013632
696	41.4141	0.000136314
697	41.4141	0.000136309
698	41.4141	0.000136303
699	41.4141	0.000136298
700	41.4141	0.000136292
701	41.4141	0.000136286
702	41.4141	0.000136281
703	41.4141	0.000136275
704	41.4141	0.000136269
705	41.4141	0.000136264
706	41.4141	0.000136258
707	41.4141	0.000136252
708	41.4141	0.000136247
709	41.4141	0.000136241
710	41.4141	0.000136236
711	41.4141	0.00013623
712	41.4141	0.000136225
713	41.4141	0.000136219
714	41.4141	0.000136214
715	41.4141	0.000136208
716	41.4141	0.000136203
717	41.4141	0.000136197
718	41.4141	0.000136192
719	41.4141	0.000136186
720	41.4141	0.000136181
721	41.4141	0.000136176
722	41.4141	0.00013617
723	41.4141	0.000136165
724	41.4141	0.000136159
725	41.4141	0.000136154
726	41.4141	0.000136149
727	41.4141	0.000136143
728	41.4141	0.000136138
729	41.4141	0.000136132
730	41.4141	0.000136126
731	41.4141	0.000136121
732	41.4141	0.000136115
733	41.4141	0.00013611
734	41.4141	0.000136105
735	41.4141	0.000136099
736	41.4141	0.000136093
737	41.4141	0.000136088
738	41.4141	0.000136083
739	41.4141	0.000136077
740	41.4141	0.000136071
741	41.4141	0.000136066
742	41.4141	0.000136061
743	41.4141	0.000136055
744	41.4141	0.00013605
745	41.4141	0.000136044
746	41.4141	0.000136038
747	41.4141	0.000136033
748	41.4141	0.000136028
749	41.4141	0.000136022
750	41.4141	0.000136017
751	41.4141	0.000136011
752	41.4141	0.000136006
753	41.4141	0.000136001
754	41.4141	0.000135995
755	41.4141	0.00013599
756	41.4141	0.000135984
757	41.4141	0.000135979
758	41.4141	0.000135973
759	41.4141	0.000135968
760	41.4141	0.000135962
761	41.4141	0.000135957
762	41.4141	0.000135951
763	41.4141	0.000135946
764	41.4141	0.00013594
765	41.4141	0.000135935
766	41.4141	0.000135929
767	41.4141	0.000135924
768	41.4141	0.000135918
769	41.4141	0.000135913
770	41.4141	0.000135907
771	41.4141	0.000135901
772	41.4141	0.000135896
773	41.4141	0.00013589
774	41.4141	0.000135885
775	41.4141	0.000135879
776	41.4141	0.000135873
777	41.4141	0.000135868
778	41.4141	0.000135863
779	41.4141	0.000135857
780	41.4141	0.000135852
781	41.4141	0.000135846
782	41.4141	0.000135841
783	41.4141	0.000135835
784	41.4141	0.00013583
785	41.4141	0.000135824
786	41.4141	0.000135819
787	41.4141	0.000135814
788	41.4141	0.000135808
789	41.4141	0.000135803
790	41.4141	0.000135797
791	41.4141	0.000135792
792	41.4141	0.000135787
793	41.4141	0.000135781
794	41.4141	0.000135776
795	41.4141	0.00013577
796	41.4141	0.000135765
797	41.4141	0.00013576
798	41.4141	0.000135754
799	41.4141	0.000135749
800	41.4141	0.000135743
801	41.4141	0.000135738
802	41.4141	0.000135732
803	41.4141	0.000135727
804	41.4141	0.000135721
805	41.4141	0.000135716
806	41.4141	0.00013571
807	41.4141	0.000135705
808	41.4141	0.000135699
809	41.4141	0.000135694
810	41.4141	0.000135688
811	41.4141	0.000135683
812	41.4141	0.000135677
813	41.4141	0.000135672
814	41.4141	0.000135666
815	41.4141	0.000135661
816	41.4141	0.000135655
817	41.4141	0.00013565
818	41.4141	0.000135644
819	41.4141	0.000135639
820	41.4141	0.000135634
821	41.4141	0.000135628
822	41.4141	0.000135622
823	41.4141	0.000135617
824	41.4141	0.000135612
825	41.4141	0.000135606
826	41.4141	0.000135601
827	41.4141	0.000135595
828	41.4141	0.00013559
829	41.4141	0.000135585
830	41.4141	0.000135579
831	41.4141	0.000135574
832	41.4141	0.000135569
833	41.4141	0.000135563
834	41.4141	0.000135558
835	41.4141	0.000135552
836	41.4141	0.000135547
837	41.4141	0.000135542
838	41.4141	0.000135536
839	41.4141	0.000135531
840	41.4141	0.000135525
841	41.4141	0.00013552
842	41.4141	0.000135515
843	41.4141	0.00013551
844	41.4141	0.000135504
845	41.4141	0.000135499
846	41.4141	0.000135493
847	41.4141	0.000135488
848	41.4141	0.000135483
849	41.4141	0.000135477
850	41.4141	0.000135472
851	41.4141	0.000135466
852	41.4141	0.000135461
853	41.4141	0.000135456
854	41.4141	0.00013545
855	41.4141	0.000135444
856	41.4141	0.000135439
857	41.4141	0.000135434
858	41.4141	0.000135428
859	41.4141	0.000135423
860	41.4141	0.000135417
861	41.4141	0.000135412
862	41.4141	0.000135407
863	41.4141	0.000135401
864	41.4141	0.000135396
865	41.4141	0.00013539
866	41.4141	0.000135385
867	41.4141	0.00013538
868	41.4141	0.000135374
869	41.4141	0.000135369
870	41.4141	0.000135363
871	41.4141	0.000135358
872	41.4141	0.000135352
873	41.4141	0.000135347
874	41.4141	0.000135341
875	41.4141	0.000135336
876	41.4141	0.00013533
877	41.4141	0.000135325
878	41.4141	0.00013532
879	41.4141	0.000135314
880	41.4141	0.000135309
881	41.4141	0.000135304
882	41.4141	0.000135298
883	41.4141	0.000135293
884	41.4141	0.000135288
885	41.4141	0.000135283
886	41.4141	0.000135277
887	41.4141	0.000135272
888	41.4141	0.000135266
889	41.4141	0.000135261
890	41.4141	0.000135256
891	41.4141	0.00013525
892	41.4141	0.000135245
893	41.4141	0.00013524
894	41.4141	0.000135234
895	41.4141	0.000135229
896	41.4141	0.000135224
897	41.4141	0.000135218
898	41.4141	0.000135213
899	41.4141	0.000135207
900	41.4141	0.000135202
901	41.4141	0.000135196
902	41.4141	0.000135191
903	41.4141	0.000135185
904	41.4141	0.00013518
905	41.4141	0.000135174
906	41.4141	0.000135169
907	41.4141	0.000135163
908	41.4141	0.000135158
909	41.4141	0.000135152
910	41.4141	0.000135147
911	41.4141	0.000135142
912	41.4141	0.000135136
913	41.4141	0.000135131
914	41.4141	0.000135125
915	41.4141	0.00013512
916	41.4141	0.000135115
917	41.4141	0.00013511
918	41.4141	0.000135104
919	41.4141	0.000135099
920	41.4141	0.000135093
921	41.4141	0.000135088
922	41.4141	0.000135083
923	41.4141	0.000135078
924	41.4141	0.000135072
925	41.4141	0.000135067
926	41.4141	0.000135062
927	41.4141	0.000135056
928	41.4141	0.000135051
929	41.4141	0.000135045
930	41.4141	0.00013504
931	41.4141	0.000135034
932	41.4141	0.000135029
933	41.4141	0.000135024
934	41.4141	0.000135019
935	41.4141	0.000135013
936	41.4141	0.000135008
937	41.4141	0.000135003
938	41.4141	0.000134998
939	41.4141	0.000134992
940	41.4141	0.000134987
941	41.4141	0.000134981
942	41.4141	0.000134976
943	41.4141	0.000134971
944	41.4141	0.000134965
945	41.4141	0.00013496
946	41.4141	0.000134955
947	41.4141	0.00013495
948	41.4141	0.000134944
949	41.4141	0.000134939
950	41.4141	0.000134934
951	41.4141	0.000134928
952	41.4141	0.000134923
953	41.4141	0.000134918
954	41.4141	0.000134913
955	41.4141	0.000134907
956	41.4141	0.000134902
957	41.4141	0.000134897
958	41.4141	0.000134892
959	41.4141	0.000134886
960	41.4141	0.000134881
961	41.4141	0.000134876
962	41.4141	0.000134871
963	41.4141	0.000134865
964	41.4141	0.00013486
965	41.4141	0.000134854
966	41.4141	0.000134849
967	41.4141	0.000134844
968	41.4141	0.000134838
969	41.4141	0.000134833
970	41.4141	0.000134828
971	41.4141	0.000134822
972	41.4141	0.000134817
973	41.4141	0.000134812
974	41.4141	0.000134806
975	41.4141	0.000134801
976	41.4141	0.000134795
977	41.4141	0.00013479
978	41.4141	0.000134784
979	41.4141	0.000134779
980	41.4141	0.000134774
981	41.4141	0.000134768
982	41.4141	0.000134763
983	41.4141	0.000134758
984	41.4141	0.000134753
985	41.4141	0.000134748
986	41.4141	0.000134742
987	41.4141	0.000134737
988	41.4141	0.000134731
989	41.4141	0.000134726
990	41.4141	0.000134721
991	41.4141	0.000134716
992	41.4141	0.00013471
993	41.4141	0.000134705
994	41.4141	0.0001347
995	41.4141	0.000134694
996	41.4141	0.000134688
997	41.4141	0.000134683
998	41.4141	0.000134678
999	41.4141	0.000134672
1000	41.4141	0.000134667
1001	41.4141	0.000134662
1002	41.4141	0.000134657
1003	41.4141	0.000134651
1004	41.4141	0.000134646
1005	41.4141	0.00013464
1006	41.4141	0.000134635
1007	41.4141	0.00013463
1008	41.4141	0.000134624
1009	41.4141	0.000134619
1010	41.4141	0.000134614
1011	41.4141	0.000134608
1012	41.4141	0.000134603
1013	41.4141	0.000134598
1014	41.4141	0.000134592
1015	41.4141	0.000134587
1016	41.4141	0.000134581
1017	41.4141	0.000134576
1018	41.4141	0.000134571
1019	41.4141	0.000134566
1020	41.4141	0.00013456
1021	41.4141	0.000134555
1022	41.4141	0.00013455
1023	41.4141	0.000134545
1024	41.4141	0.000134539
1025	41.4141	0.000134534
1026	41.4141	0.000134528
1027	41.4141	0.000134523
1028	41.4141	0.000134518
1029	41.4141	0.000134512
1030	41.4141	0.000134507
1031	41.4141	0.000134502
1032	41.4141	0.000134497
1033	41.4141	0.000134492
1034	41.4141	0.000134486
1035	41.4141	0.000134481
1036	41.4141	0.000134476
1037	41.4141	0.000134471
1038	41.4141	0.000134466
1039	41.4141	0.000134461
1040	41.4141	0.000134455
1041	41.4141	0.00013445
1042	41.4141	0.000134445
1043	41.4141	0.00013444
1044	41.4141	0.000134435
1045	41.4141	0.000134429
1046	41.4141	0.000134424
1047	41.4141	0.000134419
1048	41.4141	0.000134414
1049	41.4141	0.000134408
1050	41.4141	0.000134403
1051	41.4141	0.000134398
1052	41.4141	0.000134393
1053	41.4141	0.000134387
1054	41.4141	0.000134382
1055	41.4141	0.000134377
1056	41.4141	0.000134372
1057	41.4141	0.000134366
1058	41.4141	0.000134361
1059	41.4141	0.000134356
1060	41.4141	0.00013435
1061	41.4141	0.000134345
1062	41.4141	0.00013434
1063	41.4141	0.000134335
1064	41.4141	0.000134329
1065	41.4141	0.000134324
1066	41.4141	0.000134319
1067	41.4141	0.000134313
1068	41.4141	0.000134309
1069	41.4141	0.000134303
1070	41.4141	0.000134298
1071	41.4141	0.000134292
1072	41.4141	0.000134287
1073	41.4141	0.000134282
1074	41.4141	0.000134276
1075	41.4141	0.000134271
1076	41.4141	0.000134266
1077	41.4141	0.00013426
1078	41.4141	0.000134255
1079	41.4141	0.00013425
1080	41.4141	0.000134245
1081	41.4141	0.000134239
1082	41.4141	0.000134234
1083	41.4141	0.000134229
1084	41.4141	0.000134223
1085	41.4141	0.000134218
1086	41.4141	0.000134213
1087	41.4141	0.000134208
1088	41.4141	0.000134202
1089	41.4141	0.000134197
1090	41.4141	0.000134192
1091	41.4141	0.000134187
1092	41.4141	0.000134181
1093	41.4141	0.000134176
1094	41.4141	0.00013417
1095	41.4141	0.000134165
1096	41.4141	0.00013416
1097	41.4141	0.000134154
1098	41.4141	0.000134149
1099	41.4141	0.000134144
1100	41.4141	0.000134138
1101	41.4141	0.000134133
1102	41.4141	0.000134128
1103	41.4141	0.000134122
1104	41.4141	0.000134117
1105	41.4141	0.000134112
1106	41.4141	0.000134106
1107	41.4141	0.000134101
1108	41.4141	0.000134096
1109	41.4141	0.000134091
1110	41.4141	0.000134085
1111	41.4141	0.00013408
1112	41.4141	0.000134075
1113	41.4141	0.000134069
1114	41.4141	0.000134064
1115	41.4141	0.000134059
1116	41.4141	0.000134054
1117	41.4141	0.000134049
1118	41.4141	0.000134044
1119	41.4141	0.000134039
1120	41.4141	0.000134034
1121	41.4141	0.000134028
1122	41.4141	0.000134024
1123	41.4141	0.000134018
1124	41.4141	0.000134013
1125	41.4141	0.000134008
1126	41.4141	0.000134003
1127	41.4141	0.000133998
1128	41.4141	0.000133993
1129	41.4141	0.000133988
1130	41.4141	0.000133982
1131	41.4141	0.000133978
1132	41.4141	0.000133973
1133	41.4141	0.000133967
1134	41.4141	0.000133962
1135	41.4141	0.000133957
1136	41.4141	0.000133952
1137	41.4141	0.000133947
1138	41.4141	0.000133942
1139	41.4141	0.000133937
1140	41.4141	0.000133932
1141	41.4141	0.000133926
1142	41.4141	0.000133921
1143	41.4141	0.000133915
1144	41.4141	0.00013391
1145	41.4141	0.000133905
1146	41.4141	0.0001339
1147	41.4141	0.000133894
1148	41.4141	0.000133889
1149	41.4141	0.000133884
1150	41.4141	0.000133878
1151	41.4141	0.000133873
1152	41.4141	0.000133867
1153	41.4141	0.000133862
1154	41.4141	0.000133857
1155	41.4141	0.000133852
1156	41.4141	0.000133847
1157	41.4141	0.000133841
1158	41.4141	0.000133836
1159	41.4141	0.00013383
1160	41.4141	0.000133825
1161	41.4141	0.000133819
1162	41.4141	0.000133814
1163	41.4141	0.000133809
1164	41.4141	0.000133804
1165	41.4141	0.000133799
1166	41.4141	0.000133794
1167	41.4141	0.000133788
1168	41.4141	0.000133783
1169	41.4141	0.000133778
1170	41.4141	0.000133772
1171	41.4141	0.000133767
1172	41.4141	0.000133762
1173	41.4141	0.000133757
1174	41.4141	0.000133752
1175	41.4141	0.000133746
1176	41.4141	0.000133741
1177	41.4141	0.000133736
1178	41.4141	0.000133731
1179	41.4141	0.000133726
1180	41.4141	0.000133721
1181	41.4141	0.000133716
1182	41.4141	0.000133711
1183	41.4141	0.000133705
1184	41.4141	0.0001337
1185	41.4141	0.000133695
1186	41.4141	0.00013369
1187	41.4141	0.000133685
1188	41.4141	0.00013368
1189	41.4141	0.000133675
1190	41.4141	0.000133669
1191	41.4141	0.000133664
1192	41.4141	0.000133659
1193	41.4141	0.000133654
1194	41.4141	0.000133649
1195	41.4141	0.000133644
1196	41.4141	0.000133638
1197	41.4141	0.000133633
1198	41.4141	0.000133628
1199	41.4141	0.000133623
1200	41.4141	0.000133618
1201	41.4141	0.000133613
1202	41.4141	0.000133608
1203	41.4141	0.000133603
1204	41.4141	0.000133598
1205	41.4141	0.000133592
1206	41.4141	0.000133587
1207	41.4141	0.000133582
1208	41.4141	0.000133577
1209	41.4141	0.000133572
1210	41.4141	0.000133567
1211	41.4141	0.000133561
1212	41.1616	0.000133556
1213	41.1616	0.000133551
1214	41.1616	0.000133546
1215	41.1616	0.000133541
1216	41.1616	0.000133536
1217	41.1616	0.000133531
1218	41.1616	0.000133526
1219	41.1616	0.000133521
1220	41.1616	0.000133516
1221	41.1616	0.00013351
1222	41.1616	0.000133505
1223	41.1616	0.0001335
1224	41.1616	0.000133495
1225	41.1616	0.00013349
1226	41.1616	0.000133484
1227	41.1616	0.000133479
1228	41.1616	0.000133474
1229	41.1616	0.000133469
1230	41.1616	0.000133463
1231	41.1616	0.000133458
1232	41.1616	0.000133453
1233	41.1616	0.000133448
1234	41.1616	0.000133442
1235	41.1616	0.000133437
1236	41.1616	0.000133432
1237	41.1616	0.000133426
1238	41.1616	0.000133421
1239	41.1616	0.000133416
1240	41.1616	0.000133411
1241	41.1616	0.000133406
1242	41.1616	0.000133401
1243	41.1616	0.000133396
1244	41.1616	0.00013339
1245	41.1616	0.000133385
1246	41.1616	0.00013338
1247	41.1616	0.000133375
1248	41.1616	0.00013337
1249	41.1616	0.000133365
1250	41.1616	0.00013336
1251	41.1616	0.000133354
1252	41.1616	0.000133349
1253	41.1616	0.000133344
1254	41.1616	0.000133339
1255	41.1616	0.000133334
1256	41.1616	0.000133328
1257	41.1616	0.000133323
1258	41.1616	0.000133318
1259	41.1616	0.000133312
1260	41.1616	0.000133308
1261	41.1616	0.000133302
1262	41.1616	0.000133297
1263	41.1616	0.000133292
1264	41.1616	0.000133287
1265	41.1616	0.000133281
1266	41.1616	0.000133277
1267	41.1616	0.000133271
1268	41.1616	0.000133266
1269	41.1616	0.000133261
1270	41.1616	0.000133256
1271	41.1616	0.000133251
1272	41.1616	0.000133246
1273	41.1616	0.000133241
1274	41.1616	0.000133236
1275	41.1616	0.000133231
1276	41.1616	0.000133226
1277	41.1616	0.000133221
1278	41.1616	0.000133216
1279	41.1616	0.00013321
1280	41.1616	0.000133205
1281	41.1616	0.0001332
1282	41.1616	0.000133195
1283	41.1616	0.00013319
1284	41.1616	0.000133185
1285	41.1616	0.00013318
1286	41.1616	0.000133174
1287	41.1616	0.000133169
1288	41.1616	0.000133164
1289	41.1616	0.000133159
1290	41.1616	0.000133154
1291	41.1616	0.000133149
1292	41.1616	0.000133144
1293	41.1616	0.000133138
1294	41.1616	0.000133133
1295	41.1616	0.000133128
1296	41.1616	0.000133123
1297	41.1616	0.000133118
1298	41.1616	0.000133113
1299	41.1616	0.000133108
1300	41.1616	0.000133103
1301	41.1616	0.000133098
1302	41.1616	0.000133093
1303	41.1616	0.000133087
1304	41.1616	0.000133082
1305	41.1616	0.000133077
1306	41.1616	0.000133072
1307	41.1616	0.000133067
1308	41.1616	0.000133062
1309	41.1616	0.000133057
1310	41.1616	0.000133052
1311	41.1616	0.000133047
1312	41.1616	0.000133042
1313	41.1616	0.000133036
1314	41.1616	0.000133031
1315	41.1616	0.000133026
1316	41.1616	0.000133021
1317	41.1616	0.000133016
1318	41.1616	0.000133011
1319	41.1616	0.000133006
1320	41.1616	0.000133001
1321	41.1616	0.000132996
1322	41.1616	0.000132991
1323	41.1616	0.000132985
1324	41.1616	0.00013298
1325	41.1616	0.000132975
1326	41.1616	0.00013297
1327	41.1616	0.000132965
1328	41.1616	0.000132959
1329	41.1616	0.000132954
1330	41.1616	0.000132949
1331	41.1616	0.000132944
1332	41.1616	0.000132939
1333	41.1616	0.000132934
1334	41.1616	0.000132929
1335	41.1616	0.000132925
1336	41.1616	0.000132919
1337	41.1616	0.000132914
1338	41.1616	0.000132909
1339	41.1616	0.000132904
1340	41.1616	0.000132899
1341	41.1616	0.000132894
1342	41.1616	0.000132889
1343	41.1616	0.000132885
1344	41.1616	0.000132879
1345	41.1616	0.000132874
1346	41.1616	0.000132869
1347	41.1616	0.000132864
1348	41.1616	0.000132859
1349	41.1616	0.000132854
1350	41.1616	0.000132849
1351	41.1616	0.000132843
1352	41.1616	0.000132838
1353	41.1616	0.000132833
1354	41.1616	0.000132828
1355	41.1616	0.000132823
1356	41.1616	0.000132817
1357	41.1616	0.000132813
1358	41.1616	0.000132807
1359	41.1616	0.000132802
1360	41.1616	0.000132797
1361	41.1616	0.000132792
1362	41.1616	0.000132787
1363	41.1616	0.000132781
1364	40.9091	0.000132776
1365	40.9091	0.000132771
1366	40.9091	0.000132766
1367	40.9091	0.000132761
1368	40.9091	0.000132756
1369	40.9091	0.000132751
1370	40.9091	0.000132746
1371	40.9091	0.000132741
1372	40.9091	0.000132736
1373	40.9091	0.000132731
1374	40.404	0.000132726
1375	40.404	0.000132721
1376	40.404	0.000132716
1377	40.404	0.000132711
1378	40.404	0.000132706
1379	40.404	0.000132701
1380	40.404	0.000132696
1381	40.404	0.000132691
1382	40.404	0.000132686
1383	40.404	0.000132681
1384	40.404	0.000132676
1385	40.404	0.00013267
1386	40.404	0.000132665
1387	40.404	0.00013266
1388	40.404	0.000132655
1389	40.404	0.00013265
1390	40.404	0.000132645
1391	40.404	0.00013264
1392	40.404	0.000132635
1393	40.404	0.00013263
1394	40.404	0.000132625
1395	40.404	0.00013262
1396	40.404	0.000132615
1397	40.404	0.000132609
1398	40.404	0.000132604
1399	40.404	0.0001326
1400	40.404	0.000132594
1401	40.404	0.000132589
1402	40.404	0.000132584
1403	40.404	0.000132579
1404	40.404	0.000132574
1405	40.404	0.000132569
1406	40.404	0.000132564
1407	40.404	0.000132559
1408	40.404	0.000132554
1409	40.404	0.000132549
1410	40.404	0.000132544
1411	40.404	0.000132539
1412	40.404	0.000132533
1413	40.404	0.000132528
1414	40.404	0.000132523
1415	40.404	0.000132518
1416	40.404	0.000132513
1417	40.404	0.000132508
1418	40.404	0.000132503
1419	40.404	0.000132498
1420	40.404	0.000132492
1421	40.404	0.000132488
1422	40.404	0.000132483
1423	40.404	0.000132478
1424	40.404	0.000132472
1425	40.404	0.000132467
1426	40.404	0.000132463
1427	40.404	0.000132458
1428	40.404	0.000132452
1429	40.404	0.000132447
1430	40.404	0.000132442
1431	40.404	0.000132437
1432	40.404	0.000132433
1433	40.404	0.000132427
1434	40.404	0.000132423
1435	40.404	0.000132417
1436	40.404	0.000132413
1437	40.404	0.000132407
1438	40.404	0.000132402
1439	40.404	0.000132397
1440	40.404	0.000132392
1441	40.404	0.000132387
1442	40.404	0.000132382
1443	40.404	0.000132377
1444	40.404	0.000132372
1445	40.404	0.000132367
1446	40.404	0.000132362
1447	40.404	0.000132357
1448	40.404	0.000132352
1449	40.404	0.000132347
1450	40.404	0.000132342
1451	40.404	0.000132337
1452	40.404	0.000132332
1453	40.404	0.000132327
1454	40.404	0.000132322
1455	40.404	0.000132317
1456	40.404	0.000132312
1457	40.404	0.000132307
1458	40.404	0.000132302
1459	40.404	0.000132297
1460	40.404	0.000132292
1461	40.404	0.000132287
1462	40.404	0.000132282
1463	40.404	0.000132277
1464	40.404	0.000132272
1465	40.404	0.000132267
1466	40.404	0.000132262
1467	40.404	0.000132256
1468	40.404	0.000132252
1469	40.404	0.000132247
1470	40.404	0.000132242
1471	40.404	0.000132236
1472	40.404	0.000132232
1473	40.404	0.000132227
1474	40.404	0.000132222
1475	40.404	0.000132217
1476	40.404	0.000132212
1477	40.404	0.000132207
1478	40.404	0.000132202
1479	40.404	0.000132197
1480	40.404	0.000132192
1481	40.404	0.000132187
1482	40.404	0.000132182
1483	40.404	0.000132177
1484	40.404	0.000132171
1485	40.404	0.000132167
1486	40.404	0.000132161
1487	40.404	0.000132156
1488	40.404	0.000132152
1489	40.404	0.000132146
1490	40.404	0.000132141
1491	40.404	0.000132136
1492	40.404	0.000132131
1493	40.404	0.000132126
1494	40.404	0.000132122
1495	40.404	0.000132117
1496	40.404	0.000132112
1497	40.404	0.000132107
1498	40.404	0.000132101
1499	40.404	0.000132096
1500	40.404	0.000132091
1501	40.404	0.000132086
1502	40.404	0.000132081
1503	40.404	0.000132076
1504	40.404	0.000132071
1505	40.404	0.000132066
1506	40.404	0.000132061
1507	40.404	0.000132057
1508	40.404	0.000132051
1509	40.404	0.000132046
1510	40.404	0.000132041
1511	40.404	0.000132037
1512	40.404	0.000132032
1513	40.404	0.000132027
1514	40.404	0.000132022
1515	40.404	0.000132017
1516	40.404	0.000132012
1517	40.404	0.000132007
1518	40.404	0.000132002
1519	40.404	0.000131997
1520	40.404	0.000131992
1521	40.404	0.000131987
1522	40.404	0.000131982
1523	40.404	0.000131977
1524	40.404	0.000131972
1525	40.404	0.000131967
1526	40.404	0.000131963
1527	40.404	0.000131957
1528	40.404	0.000131952
1529	40.404	0.000131947
1530	40.404	0.000131942
1531	40.404	0.000131938
1532	40.404	0.000131932
1533	40.404	0.000131927
1534	40.404	0.000131923
1535	40.404	0.000131918
1536	40.404	0.000131913
1537	40.404	0.000131908
1538	40.404	0.000131903
1539	40.404	0.000131898
1540	40.404	0.000131893
1541	40.404	0.000131888
1542	40.404	0.000131883
1543	40.404	0.000131878
1544	40.404	0.000131873
1545	40.404	0.000131868
1546	40.404	0.000131863
1547	40.404	0.000131858
1548	40.404	0.000131853
1549	40.404	0.000131848
1550	40.404	0.000131843
1551	40.404	0.000131838
1552	40.404	0.000131834
1553	40.404	0.000131829
1554	40.404	0.000131824
1555	40.404	0.000131818
1556	40.404	0.000131814
1557	40.404	0.000131809
1558	40.404	0.000131804
1559	40.404	0.000131799
1560	40.404	0.000131794
1561	40.404	0.000131789
1562	40.404	0.000131784
1563	40.404	0.000131779
1564	40.404	0.000131774
1565	40.404	0.000131769
1566	40.404	0.000131764
1567	40.404	0.00013176
1568	40.404	0.000131755
1569	40.404	0.00013175
1570	40.404	0.000131745
1571	40.404	0.00013174
1572	40.404	0.000131735
1573	40.404	0.00013173
1574	40.404	0.000131725
1575	40.404	0.00013172
1576	40.404	0.000131715
1577	40.404	0.00013171
1578	40.404	0.000131705
1579	40.404	0.0001317
1580	40.404	0.000131695
1581	40.404	0.00013169
1582	40.404	0.000131685
1583	40.404	0.00013168
1584	40.404	0.000131675
1585	40.404	0.00013167
1586	40.404	0.000131665
1587	40.404	0.00013166
1588	40.404	0.000131655
1589	40.404	0.00013165
1590	40.404	0.000131645
1591	40.404	0.00013164
1592	40.404	0.000131635
1593	40.404	0.000131631
1594	40.404	0.000131625
1595	40.404	0.00013162
1596	40.404	0.000131616
1597	40.404	0.000131611
1598	40.404	0.000131606
1599	40.404	0.000131601
1600	40.404	0.000131596
1601	40.404	0.000131591
1602	40.404	0.000131586
1603	40.404	0.000131581
1604	40.404	0.000131576
1605	40.404	0.000131571
1606	40.404	0.000131566
1607	40.404	0.000131561
1608	40.404	0.000131556
1609	40.404	0.000131551
1610	40.404	0.000131546
1611	40.404	0.000131541
1612	40.404	0.000131537
1613	40.404	0.000131532
1614	40.404	0.000131527
1615	40.404	0.000131522
1616	40.404	0.000131517
1617	40.404	0.000131512
1618	40.404	0.000131507
1619	40.404	0.000131502
1620	40.404	0.000131497
1621	40.404	0.000131492
1622	40.404	0.000131487
1623	40.404	0.000131483
1624	40.404	0.000131478
1625	40.404	0.000131473
1626	40.404	0.000131468
1627	40.404	0.000131463
1628	40.404	0.000131458
1629	40.404	0.000131453
1630	40.404	0.000131448
1631	40.404	0.000131443
1632	40.404	0.000131439
1633	40.404	0.000131434
1634	40.404	0.000131429
1635	40.404	0.000131424
1636	40.404	0.000131419
1637	40.404	0.000131414
1638	40.404	0.000131409
1639	40.404	0.000131404
1640	40.404	0.000131399
1641	40.404	0.000131394
1642	40.404	0.00013139
1643	40.404	0.000131384
1644	40.404	0.00013138
1645	40.404	0.000131375
1646	40.404	0.00013137
1647	40.404	0.000131365
1648	40.404	0.00013136
1649	40.404	0.000131355
1650	40.404	0.00013135
1651	40.404	0.000131345
1652	40.404	0.00013134
1653	40.404	0.000131335
1654	40.404	0.00013133
1655	40.404	0.000131326
1656	40.404	0.000131321
1657	40.404	0.000131316
1658	40.404	0.000131311
1659	40.404	0.000131306
1660	40.404	0.000131301
1661	40.404	0.000131296
1662	40.404	0.000131291
1663	40.404	0.000131286
1664	40.404	0.000131282
1665	40.404	0.000131277
1666	40.404	0.000131272
1667	40.404	0.000131267
1668	40.404	0.000131262
1669	40.404	0.000131257
1670	40.404	0.000131252
1671	40.404	0.000131247
1672	40.404	0.000131242
1673	40.404	0.000131237
1674	40.404	0.000131232
1675	40.404	0.000131227
1676	40.404	0.000131223
1677	40.404	0.000131218
1678	40.404	0.000131213
1679	40.404	0.000131208
1680	40.404	0.000131203
1681	40.404	0.000131198
1682	40.404	0.000131193
1683	40.404	0.000131188
1684	40.404	0.000131184
1685	40.404	0.000131179
1686	40.404	0.000131174
1687	40.404	0.000131169
1688	40.404	0.000131164
1689	40.404	0.000131159
1690	40.404	0.000131155
1691	40.404	0.000131149
1692	40.404	0.000131145
1693	40.404	0.00013114
1694	40.404	0.000131135
1695	40.404	0.00013113
1696	40.404	0.000131125
1697	40.404	0.00013112
1698	40.404	0.000131116
1699	40.404	0.000131111
1700	40.404	0.000131106
1701	40.404	0.000131101
1702	40.404	0.000131096
1703	40.404	0.000131091
1704	40.404	0.000131086
1705	40.404	0.000131081
1706	40.404	0.000131076
1707	40.404	0.000131072
1708	40.404	0.000131067
1709	40.404	0.000131062
1710	40.404	0.000131057
1711	40.404	0.000131052
1712	40.404	0.000131047
1713	40.404	0.000131043
1714	40.404	0.000131038
1715	40.404	0.000131032
1716	40.404	0.000131028
1717	40.404	0.000131023
1718	40.404	0.000131018
1719	40.404	0.000131013
1720	40.404	0.000131008
1721	40.404	0.000131004
1722	40.404	0.000130999
1723	40.404	0.000130994
1724	40.404	0.000130989
1725	40.404	0.000130984
1726	40.404	0.000130979
1727	40.404	0.000130974
1728	40.404	0.000130969
1729	40.404	0.000130964
1730	40.404	0.000130959
1731	40.404	0.000130954
1732	40.404	0.00013095
1733	40.404	0.000130945
1734	40.404	0.00013094
1735	40.404	0.000130935
1736	40.404	0.000130931
1737	40.404	0.000130926
1738	40.404	0.000130921
1739	40.404	0.000130917
1740	40.404	0.000130912
1741	40.404	0.000130908
1742	40.404	0.000130903
1743	40.404	0.000130898
1744	40.404	0.000130893
1745	40.404	0.000130888
1746	40.404	0.000130883
1747	40.404	0.000130879
1748	40.404	0.000130874
1749	40.404	0.000130868
1750	40.404	0.000130863
1751	40.404	0.000130859
1752	40.404	0.000130854
1753	40.404	0.000130849
1754	40.404	0.000130844
1755	40.404	0.000130839
1756	40.404	0.000130834
1757	40.404	0.000130829
1758	40.404	0.000130824
1759	40.404	0.000130819
1760	40.404	0.000130815
1761	40.404	0.000130809
1762	40.404	0.000130805
1763	40.404	0.0001308
1764	40.404	0.000130795
1765	40.404	0.00013079
1766	40.404	0.000130786
1767	40.404	0.000130781
1768	40.404	0.000130776
1769	40.404	0.000130771
1770	40.404	0.000130766
1771	40.404	0.000130761
1772	40.404	0.000130757
1773	40.404	0.000130752
1774	40.404	0.000130747
1775	40.404	0.000130742
1776	40.404	0.000130737
1777	40.404	0.000130733
1778	40.404	0.000130728
1779	40.404	0.000130723
1780	40.404	0.000130718
1781	40.404	0.000130713
1782	40.404	0.000130708
1783	40.404	0.000130704
1784	40.404	0.000130699
1785	40.404	0.000130694
1786	40.404	0.000130689
1787	40.404	0.000130684
1788	40.404	0.000130679
1789	40.404	0.000130674
1790	40.404	0.00013067
1791	40.404	0.000130665
1792	40.404	0.00013066
1793	40.404	0.000130655
1794	40.404	0.00013065
1795	40.404	0.000130646
1796	40.404	0.000130641
1797	40.404	0.000130636
1798	40.404	0.000130632
1799	40.404	0.000130626
1800	40.404	0.000130622
1801	40.404	0.000130617
1802	40.404	0.000130612
1803	40.404	0.000130607
1804	40.404	0.000130603
1805	40.404	0.000130598
1806	40.404	0.000130593
1807	40.404	0.000130588
1808	40.404	0.000130583
1809	40.404	0.000130578
1810	40.404	0.000130573
1811	40.404	0.000130568
1812	40.404	0.000130564
1813	40.404	0.000130559
1814	40.404	0.000130554
1815	40.404	0.000130549
1816	40.404	0.000130544
1817	40.404	0.000130539
1818	40.404	0.000130534
1819	40.404	0.000130529
1820	40.404	0.000130524
1821	40.404	0.00013052
1822	40.404	0.000130515
1823	40.404	0.00013051
1824	40.404	0.000130506
1825	40.404	0.000130501
1826	40.404	0.000130496
1827	40.404	0.000130491
1828	40.404	0.000130487
1829	40.404	0.000130482
1830	40.404	0.000130477
1831	40.404	0.000130472
1832	40.404	0.000130467
1833	40.404	0.000130463
1834	40.404	0.000130458
1835	40.404	0.000130453
1836	40.404	0.000130448
1837	40.404	0.000130443
1838	40.404	0.000130438
1839	40.404	0.000130434
1840	40.404	0.000130429
1841	40.404	0.000130424
1842	40.404	0.00013042
1843	40.404	0.000130415
1844	40.404	0.00013041
1845	40.404	0.000130405
1846	40.404	0.0001304
1847	40.404	0.000130395
1848	40.404	0.000130391
1849	40.404	0.000130386
1850	40.404	0.000130381
1851	40.404	0.000130377
1852	40.404	0.000130372
1853	40.404	0.000130367
1854	40.404	0.000130363
1855	40.404	0.000130358
1856	40.404	0.000130353
1857	40.404	0.000130348
1858	40.404	0.000130343
1859	40.404	0.000130339
1860	40.404	0.000130334
1861	40.404	0.00013033
1862	40.404	0.000130325
1863	40.404	0.00013032
1864	40.404	0.000130315
1865	40.404	0.000130311
1866	40.404	0.000130306
1867	40.404	0.000130301
1868	40.404	0.000130297
1869	40.404	0.000130292
1870	40.404	0.000130287
1871	40.404	0.000130282
1872	40.404	0.000130277
1873	40.404	0.000130273
1874	40.404	0.000130268
1875	40.404	0.000130263
1876	40.404	0.000130258
1877	40.404	0.000130253
1878	40.404	0.000130249
1879	40.404	0.000130244
1880	40.404	0.000130239
1881	40.404	0.000130234
1882	40.404	0.000130229
1883	40.404	0.000130225
1884	40.404	0.00013022
1885	40.404	0.000130215
1886	40.404	0.000130211
1887	40.1515	0.000130206
1888	40.1515	0.000130201
1889	40.1515	0.000130196
1890	40.1515	0.000130192
1891	40.1515	0.000130187
1892	40.1515	0.000130182
1893	40.1515	0.000130177
1894	40.1515	0.000130173
1895	40.1515	0.000130168
1896	40.1515	0.000130163
1897	40.1515	0.000130158
1898	40.1515	0.000130153
1899	40.1515	0.000130148
1900	40.1515	0.000130144
1901	40.1515	0.000130139
1902	40.1515	0.000130134
1903	40.1515	0.000130129
1904	40.1515	0.000130125
1905	40.1515	0.00013012
1906	40.1515	0.000130115
1907	40.1515	0.00013011
1908	40.1515	0.000130105
1909	40.1515	0.0001301
1910	40.1515	0.000130095
1911	40.1515	0.00013009
1912	40.1515	0.000130086
1913	40.1515	0.000130081
1914	40.1515	0.000130076
1915	40.1515	0.000130071
1916	40.1515	0.000130066
1917	40.1515	0.000130062
1918	40.1515	0.000130057
1919	40.1515	0.000130052
1920	40.1515	0.000130047
1921	40.1515	0.000130043
1922	40.1515	0.000130038
1923	40.1515	0.000130033
1924	40.1515	0.000130028
1925	40.1515	0.000130023
1926	40.1515	0.000130019
1927	40.1515	0.000130014
1928	40.1515	0.00013001
1929	40.1515	0.000130005
1930	40.1515	0.00013
1931	40.1515	0.000129995
1932	40.1515	0.000129991
1933	40.1515	0.000129986
1934	40.1515	0.000129981
1935	40.1515	0.000129977
1936	40.1515	0.000129972
1937	40.1515	0.000129967
1938	40.1515	0.000129963
1939	40.1515	0.000129958
1940	40.1515	0.000129953
1941	40.1515	0.000129949
1942	40.1515	0.000129944
1943	40.1515	0.000129939
1944	40.1515	0.000129935
1945	40.1515	0.00012993
1946	40.1515	0.000129925
1947	39.899	0.00012992
1948	39.899	0.000129916
1949	39.899	0.000129911
1950	39.899	0.000129907
1951	39.899	0.000129902
1952	39.899	0.000129897
1953	39.899	0.000129893
1954	39.899	0.000129888
1955	39.899	0.000129883
1956	39.899	0.000129879
1957	39.899	0.000129874
1958	39.899	0.000129869
1959	39.899	0.000129864
1960	39.899	0.000129859
1961	39.899	0.000129855
1962	39.899	0.00012985
1963	39.899	0.000129845
1964	39.899	0.00012984
1965	39.899	0.000129836
1966	39.899	0.000129831
1967	39.899	0.000129826
1968	39.899	0.000129821
1969	39.899	0.000129816
1970	39.899	0.000129812
1971	39.899	0.000129807
1972	39.899	0.000129802
1973	39.899	0.000129798
1974	39.899	0.000129793
1975	39.899	0.000129788
1976	39.899	0.000129784
1977	39.899	0.000129779
1978	39.899	0.000129774
1979	39.899	0.000129769
1980	39.899	0.000129765
1981	39.899	0.00012976
1982	39.899	0.000129756
1983	39.899	0.000129751
1984	39.899	0.000129746
1985	39.899	0.000129742
1986	39.899	0.000129737
1987	39.899	0.000129732
1988	39.899	0.000129728
1989	39.899	0.000129723
1990	39.899	0.000129718
1991	39.899	0.000129714
1992	39.899	0.000129709
1993	39.899	0.000129704
1994	39.899	0.000129699
1995	39.899	0.000129694
1996	39.899	0.00012969
1997	39.899	0.000129685
1998	39.899	0.00012968
1999	39.899	0.000129676
2000	39.899	0.000129671
