4.47758
2.95416
3.46364
0.643315
2.77064
1.188
2.38455
1.48781
2.16556
1.65603
2.04086
1.75112
1.96982
1.80504
1.92937
1.83566
1.90635
1.85305
1.89325
1.86294
1.8858
1.86857
1.88156
1.87176
1.87915
1.87358
1.87778
1.87461
1.877
1.8752
1.87656
1.87554
1.87631
1.87573
1.87617
1.87583
1.87608
1.8759
1.87604
1.87593
1.87601
1.87595
1.876
1.87596
1.87599
1.87597
1.87598
1.87597
1.87598
1.87597
1.87598
1.87598
1.87598
1.87598
1.87598
1.87598
1.87598
1.87598
1.87598
1.87598
1.87598
1.87598
1.87598
1.87598
1.87598
1.87598
1.87598
1.87598
1.87598
1.87598
1.87598
1.87598
1.87598
1.87598
1.87598
1.87598
1.87598
1.87598
1.87598
1.87598
1.87598
1.87598
1.87598
1.87598
1.87598
1.87598
1.87598
1.87598
1.87598
1.87598
1.87598
1.87598
1.87598
1.87598
1.87598
1.87598
1.87598
1.87598
1.87598
1.87598
1.87598
1.87598
1.87598
1.87598
1.87598
1.87598
1.87598
1.87598
1.87598
1.87598
1.87598
1.87598
1.87598
1.87598
1.87598
1.87598
1.87598
1.87598
1.87598
1.87598
1.87598
1.87598
1.87598
1.87598
1.87598
1.87598
1.87598
1.87598
1.87598
1.87598
1.87598
1.87598
1.87598
1.87598
1.87598
1.87598
1.87598
1.87598
1.87598
1.87598
1.87598
1.87598
1.87598
1.87598
1.87598
1.87598
1.87598
1.87598
1.87598
1.87598
1.87598
1.87598
1.87598
1.87598
1.87598
1.87598
1.87598
1.87598
1.87598
1.87598
1.87598
1.87598
1.87598
1.87598
1.87598
1.87598
1.87598
1.87598
1.87598
1.87598
1.87598
1.87598
1.87598
1.87598
1.87598
1.87598
1.87598
1.87598
1.87598
1.87598
1.87598
1.87598
1.87598
1.87598
1.87598
1.87598
1.87598
1.87598
1.87598
1.87598
1.87598
1.87598
1.87598
1.87598
1.87598
1.87598
1.87598
1.87598
1.87598
1.87598
1.87598
1.87598
1.87598
1.87598
1.87598
1.87598
1.87598
1.87598
1.87598
1.87598
1.87598
1.87598
1.87598
1.87598
1.87598
1.87598
1.87598
1.87598
1.87598
1.87598
1.87598
1.87598
1.87598
1.87598
1.87598
1.87598
1.87598
1.87598
1.87598
1.87598
1.87598
1.87598
1.87598
1.87598
1.87598
1.87598
1.87598
1.87598
1.87598
1.87598
1.87598
1.87598
1.87598
1.87598
1.87598
1.87598
1.87598
1.87598
1.87598
1.87598
1.87598
1.87598
1.87598
1.87598
1.87598
1.87598
1.87598
1.87598
1.87598
1.87598
1.87598
1.87598
1.87598
1.87598
1.87598
1.87598
1.87598
1.87598
1.87598
1.87598
1.87598
1.87598
1.87598
1.87598
1.87598
1.87598
1.87598
1.87598
1.87598
1.87598
1.87598
1.87598
1.87598
1.87598
1.87598
1.87598
1.87598
1.87598
1.87598
1.87598
1.87598
1.87598
1.87598
1.87598
1.87598
1.87598
1.87598
1.87598
1.87598
1.87598
1.87598
1.87598
1.87598
1.87598
1.87598
1.87598
1.87598
1.87598
1.87598
1.87598
1.87598
1.87598
1.87598
1.87598
1.87598
1.87598
1.87598
1.87598
1.87598
1.87598
1.87598
1.87598
1.87598
1.87598
1.87598
1.87598
1.87598
1.87598
1.87598
1.87598
1.87598
1.87598
1.87598
1.87598
1.87598
1.87598
1.87598
1.87598
1.87598
1.87598
1.87598
1.87598
1.87598
1.87598
1.87598
1.87598
1.87598
1.87598
1.87598
1.87598
1.87598
1.87598
1.87598
1.87598
1.87598
1.87598
1.87598
1.87598
1.87598
1.87598
1.87598
1.87598
1.87598
1.87598
1.87598
1.87598
1.87598
1.87598
1.87598
1.87598
1.87598
1.87598
1.87598
1.87598
1.87598
1.87598
1.87598
1.87598
1.87598
1.87598
1.87598
1.87598
1.87598
1.87598
1.87598
1.87598
1.87598
1.87598
1.87598
1.87598
1.87598
1.87598
1.87598
1.87598
1.87598
1.87598
